---
image_width: 640
image_height: 480
camera_name: camera
camera_matrix:
  rows: 3
  cols: 3
  data: [600.081962, 0.000000, 320.000000, 0.000000, 600.370668, 240.000000, 0.000000, 0.000000, 1.000000]
distortion_model: plumb_bob
distortion_coefficients:
  rows: 1
  cols: 5
  data: [0.000000, 0.000000, 0.000000, 0.000000, 0.0000]
rectification_matrix:
  rows: 3
  cols: 3
  data: [0.793499, 0.068620, 0.604691, -0.047583, 0.997576, -0.050764, -0.606709, 0.011508, 0.794841]
projection_matrix:
  rows: 3
  cols: 4
  data: [775.090604, 0.000000, -219.815799, 0.000000, 0.000000, 775.090604, 129.131834, 0.000000, 0.000000, 0.000000, 1.000000, 0.000000]
